<?xml version="1.0" standalone="no"?>
<!DOCTYPE svg PUBLIC "-//W3C//DTD SVG 20010904//EN"
 "http://www.w3.org/TR/2001/REC-SVG-20010904/DTD/svg10.dtd">
<svg version="1.0" xmlns="http://www.w3.org/2000/svg"
 width="1024.000000pt" height="1024.000000pt" viewBox="0 0 1024.000000 1024.000000"
 preserveAspectRatio="xMidYMid meet">
<metadata>
Created by potrace 1.16, written by Peter Selinger 2001-2019
</metadata>
<g transform="translate(0.000000,1024.000000) scale(0.100000,-0.100000)"
fill="#000000" stroke="none">
<path d="M2387 7119 c-20 -5 -61 -21 -90 -35 -143 -73 -257 -187 -366 -367
-81 -134 -191 -229 -401 -347 -438 -244 -690 -573 -795 -1036 -33 -143 -44
-359 -26 -499 43 -329 195 -643 429 -886 284 -296 664 -459 1071 -459 398 0
752 149 1041 439 66 67 126 136 140 164 24 47 24 49 6 62 -17 13 -26 7 -105
-66 -204 -190 -436 -306 -696 -346 -122 -18 -332 -13 -450 12 -449 94 -821
395 -916 742 -18 64 -21 96 -17 183 7 145 38 221 125 309 35 35 66 61 70 58 3
-4 0 -40 -7 -81 -17 -100 -9 -164 23 -192 13 -11 55 -29 92 -38 99 -25 116
-37 159 -111 40 -66 67 -92 87 -79 17 10 4 95 -21 143 -11 23 -17 41 -12 41
16 0 96 -58 131 -94 40 -41 56 -45 71 -15 17 30 -20 98 -86 158 -30 27 -54 53
-54 56 0 4 6 3 13 -2 25 -19 146 -65 163 -61 51 9 1 82 -86 125 -37 19 -58 34
-49 37 7 2 31 10 52 16 24 8 37 18 37 29 0 25 -32 51 -61 51 -23 0 -135 -29
-171 -45 -19 -8 -21 -15 33 140 42 121 44 193 6 257 -37 64 -88 103 -159 123
-111 31 -231 -9 -339 -111 -32 -32 -59 -53 -59 -49 0 19 85 117 133 153 113
87 200 109 302 77 65 -21 146 -87 175 -146 l20 -37 49 20 c47 20 49 22 40 52
-12 42 -11 130 2 202 18 98 24 89 24 -39 0 -112 3 -127 28 -182 37 -78 46 -88
151 -156 85 -56 92 -63 130 -136 30 -58 46 -78 61 -78 22 0 24 17 10 94 -7 40
-7 43 11 33 10 -6 44 -35 75 -66 31 -31 63 -56 71 -56 8 0 23 9 33 21 19 19
19 21 0 56 -11 20 -45 63 -75 95 l-56 58 33 0 c44 0 132 -19 166 -37 30 -15
57 -5 57 22 0 41 -96 107 -190 131 l-45 11 40 20 c22 11 52 23 68 27 36 9 36
40 -1 55 -33 14 -56 10 -165 -27 l-79 -27 -24 28 c-15 17 -24 41 -24 60 0 54
47 211 106 355 32 75 79 190 105 255 49 120 86 182 130 215 13 10 74 47 134
82 246 141 375 244 419 332 39 78 34 111 -27 175 -38 41 -57 47 -247 77 -85
14 -186 35 -225 46 -73 21 -135 24 -198 9z m225 -206 c34 -33 42 -65 24 -107
-15 -36 -59 -66 -96 -66 -53 0 -99 47 -100 100 0 44 23 78 64 95 39 17 73 10
108 -22z"/>
<path d="M7085 6243 c-47 -12 -45 27 -45 -943 0 -889 1 -919 19 -941 l19 -24
384 -3 c479 -3 438 -19 438 172 0 89 -4 136 -12 144 -9 9 -80 12 -260 12
l-248 0 0 240 0 240 208 0 c148 0 211 3 220 12 8 8 12 56 12 150 0 126 -2 138
-19 148 -12 6 -101 10 -220 10 l-201 0 0 230 0 230 250 0 250 0 10 26 c13 34
13 213 -1 252 -7 20 -21 34 -41 41 -31 11 -721 14 -763 4z"/>
<path d="M3372 6228 c-17 -17 -17 -279 0 -296 9 -9 84 -12 276 -12 208 0 263
-3 259 -12 -3 -7 -135 -292 -293 -633 l-287 -620 -5 -135 c-4 -127 -2 -137 18
-163 l21 -27 453 0 c392 0 454 2 474 16 21 14 22 22 22 153 0 93 -4 141 -12
149 -9 9 -89 12 -300 12 -158 0 -288 3 -288 6 0 6 97 217 431 941 l149 323 0
133 c0 104 -3 137 -16 155 l-15 22 -438 0 c-326 0 -440 -3 -449 -12z"/>
<path d="M4432 6228 c-7 -7 -12 -21 -12 -31 0 -11 99 -261 220 -556 l220 -537
0 -360 c0 -309 2 -363 16 -382 14 -21 22 -22 158 -22 126 0 145 2 159 18 15
17 17 58 17 381 l0 363 219 527 c120 289 222 536 225 548 4 12 2 31 -4 43 -10
19 -20 20 -164 20 -132 0 -157 -3 -175 -17 -15 -12 -58 -117 -135 -333 -63
-173 -119 -328 -126 -345 l-12 -30 -10 25 c-5 14 -61 169 -124 345 -76 214
-121 326 -135 338 -18 14 -43 17 -173 17 -105 0 -156 -4 -164 -12z"/>
<path d="M5816 6219 c-14 -21 -16 -111 -16 -929 0 -803 2 -908 16 -928 14 -21
22 -22 153 -22 121 0 140 2 154 18 15 17 17 56 17 360 l0 342 65 0 c36 0 65
-2 65 -4 0 -14 242 -692 251 -703 9 -11 44 -13 168 -11 l156 3 -1 40 c-1 26
-48 157 -137 383 -76 189 -137 345 -137 348 0 2 14 11 31 19 87 46 153 139
191 270 19 69 22 103 22 245 0 126 -4 180 -17 230 -50 183 -136 278 -300 333
-56 19 -92 21 -363 25 l-302 4 -16 -23z m514 -280 c111 -24 145 -90 144 -279
-1 -257 -48 -308 -286 -310 l-48 0 0 300 0 300 70 0 c38 0 92 -5 120 -11z"/>
<path d="M8092 6228 c-7 -7 -12 -20 -12 -30 0 -9 88 -208 195 -441 107 -233
195 -428 195 -434 0 -6 -94 -216 -210 -467 -115 -251 -210 -464 -210 -474 0
-37 19 -42 176 -42 130 0 155 3 173 18 13 10 67 125 135 288 62 149 118 280
124 290 10 18 11 18 18 -1 53 -142 238 -573 251 -582 12 -9 65 -13 180 -13
163 0 163 0 174 24 10 21 4 41 -44 143 -30 65 -127 275 -216 467 l-162 348
201 436 c173 376 200 439 191 459 -10 23 -13 23 -170 23 -181 0 -186 -2 -215
-80 -59 -156 -191 -459 -197 -453 -6 7 -119 276 -179 426 -43 110 -37 107
-224 107 -113 0 -166 -4 -174 -12z"/>
</g>
</svg>



<svg version="1.1" id="Layer_1" xmlns="http://www.w3.org/2000/svg" xmlns:xlink="http://www.w3.org/1999/xlink" x="0px" y="0px"
	 width="100%" viewBox="0 0 1024 1024" enable-background="new 0 0 1024 1024" xml:space="preserve">
<path fill="#000000" opacity="1.000000" stroke="none" 
	d="
M499.869751,484.125610 
	C494.931488,480.671265 490.023468,477.865417 485.085022,475.081635 
	C481.814117,473.237793 479.919159,473.707611 477.708221,476.804474 
	C467.260376,491.438995 454.767944,504.037811 439.613037,513.867676 
	C437.401886,515.301941 435.309845,516.984253 432.542419,517.198914 
	C416.366791,477.084808 383.909088,479.300140 365.690277,497.399506 
	C372.077209,494.793701 377.518005,492.400116 383.499176,491.540314 
	C404.567352,488.511780 414.800232,499.778625 420.493805,514.510803 
	C424.176941,524.040955 424.705994,533.939148 424.355164,543.976440 
	C424.308624,545.307922 424.318298,546.643311 424.355438,547.975464 
	C424.540710,554.619629 426.001801,555.510498 431.652496,552.275879 
	C436.130280,549.712708 440.476288,546.917358 444.975983,544.394836 
	C450.445557,541.328674 456.474762,541.149353 462.480469,541.780396 
	C466.132111,542.164124 468.805481,544.600647 469.088867,548.247681 
	C469.404633,552.311829 465.710510,552.867310 462.823151,553.197144 
	C457.182495,553.841553 452.220459,555.634521 447.944733,559.904785 
	C449.739349,561.999634 451.979187,561.514832 454.010376,561.607849 
	C461.629700,561.956848 468.777496,564.026978 475.365112,567.795410 
	C479.982971,570.437012 483.035034,574.212769 482.297760,580.007446 
	C481.837677,583.623657 479.718994,585.113159 476.366943,583.842468 
	C473.435913,582.731445 470.709198,581.057007 467.944489,579.536438 
	C461.522400,576.004333 454.848450,574.347046 446.537079,576.284180 
	C451.880249,581.142456 457.038635,584.818970 461.082916,589.645569 
	C464.431091,593.641418 467.496368,597.716248 467.380219,603.356201 
	C467.315033,606.521606 467.002228,609.710876 463.743713,610.901611 
	C460.303833,612.158813 458.532562,609.120972 457.174805,606.774109 
	C450.963684,596.038452 441.059967,589.704895 430.626129,583.942932 
	C429.783386,583.477539 428.963837,582.745361 427.634094,583.626953 
	C427.235168,586.111938 428.768524,588.196045 429.777069,590.371033 
	C432.159668,595.509338 434.652496,600.609863 436.063934,606.115601 
	C436.598053,608.199097 436.747314,610.477661 434.867798,612.177429 
	C432.874329,613.980286 430.752380,612.899902 428.745392,612.232849 
	C426.815765,611.591431 425.208435,610.366028 424.058868,608.652771 
	C423.132050,607.271362 421.974823,605.941040 421.454315,604.406738 
	C416.968170,591.182495 408.741669,581.459412 396.200653,574.918579 
	C389.551544,571.450623 386.524780,564.601257 384.973755,557.338684 
	C384.551605,555.361877 384.322968,553.337891 381.968781,552.601318 
	C379.291870,551.763733 377.959045,553.742310 376.557251,555.301147 
	C369.862915,562.745728 366.392975,571.677002 365.394409,581.485352 
	C362.420227,610.699219 375.859131,633.044373 396.396606,651.656738 
	C421.143829,674.084351 450.959137,686.135681 483.648071,691.727783 
	C514.909912,697.075745 545.586792,695.323730 575.572632,684.705322 
	C601.045166,675.685181 623.172729,661.010254 643.778137,643.823914 
	C647.482178,640.734497 651.231140,637.692017 655.074341,634.779602 
	C656.860840,633.425842 659.105957,632.680725 661.082947,634.251892 
	C663.443604,636.127930 661.752747,638.300232 660.803162,640.090027 
	C656.214233,648.738647 649.407043,655.694458 642.690674,662.601196 
	C607.828552,698.451294 566.582520,723.571228 516.717346,730.816284 
	C441.173370,741.792297 376.447510,720.056641 326.118011,661.277527 
	C305.668518,637.394897 293.770508,608.990295 288.694092,578.014954 
	C277.211090,507.947510 297.487762,448.170532 348.238831,398.772430 
	C365.339294,382.127899 385.546661,369.687561 406.864166,359.260895 
	C427.087677,349.369324 443.151337,335.440491 454.272491,315.730804 
	C459.871155,305.808441 467.222015,297.143250 476.082672,289.898285 
	C492.361115,276.588135 510.541992,272.515594 530.719421,279.208160 
	C543.498840,283.446930 556.155701,288.101593 569.722595,289.230682 
	C575.520813,289.713226 581.311646,290.305359 586.942261,291.791534 
	C596.628784,294.348206 603.830811,299.537994 605.707153,310.156830 
	C606.774536,316.197266 604.445435,321.285522 601.147583,325.978638 
	C595.019104,334.699890 586.855164,341.313751 578.052917,347.106659 
	C566.092957,354.977692 553.771240,362.311035 541.966492,370.402771 
	C527.939575,380.017731 518.758545,393.602051 512.442383,409.192627 
	C509.318726,416.902832 506.577759,424.768372 503.435791,432.470673 
	C502.281860,435.299377 502.395264,437.072601 504.849976,439.364044 
	C512.212219,446.236603 517.497864,454.782990 522.837585,463.240967 
	C527.165649,470.096497 528.803406,470.638977 536.304932,467.757843 
	C542.349976,465.436127 548.265320,462.756805 554.830078,462.027863 
	C558.924683,461.573212 562.844971,462.170746 566.521057,463.736115 
	C570.062866,465.244324 572.072937,468.170380 571.151733,472.166809 
	C570.283630,475.933167 566.954590,475.309692 564.195679,475.374695 
	C559.907837,475.475769 555.419556,474.738373 552.019653,478.841827 
	C553.360718,480.792938 555.675476,480.938293 557.610657,481.495636 
	C563.557617,483.208405 568.453918,486.453217 572.659790,490.911591 
	C574.187378,492.530884 575.233826,494.343903 575.874329,496.459229 
	C576.612610,498.897491 576.440857,501.203827 574.424438,502.852814 
	C572.499390,504.427063 570.222656,503.790741 568.294128,502.742889 
	C566.257935,501.636536 564.447205,500.121246 562.507080,498.831146 
	C556.344543,494.733459 549.559570,493.232086 541.730469,493.774139 
	C545.397339,498.452484 548.830078,502.666656 552.076477,507.019806 
	C555.427856,511.513763 557.397583,516.616943 557.799866,522.227417 
	C557.992004,524.906799 557.944885,527.906433 555.061279,529.135620 
	C552.371094,530.282288 549.862305,528.925781 547.774292,527.053467 
	C545.584534,525.089905 544.727112,522.325684 543.554626,519.768250 
	C540.274841,512.614868 534.566345,507.702637 528.358337,502.263977 
	C526.715576,506.747467 528.490295,510.200012 528.882507,513.642761 
	C529.205139,516.474304 529.455750,519.290833 529.266052,522.097107 
	C529.060974,525.131775 528.447510,528.454468 524.846252,529.081970 
	C521.415039,529.679932 519.385620,527.109131 517.883118,524.385254 
	C515.658203,520.351746 515.121521,515.795654 514.796753,511.370483 
	C513.967468,500.070770 509.754578,490.797699 499.869751,484.125610 
M521.790527,308.763153 
	C520.669800,307.793060 519.664185,306.627960 518.408386,305.886719 
	C513.042419,302.719452 506.568909,304.175262 502.998047,309.228149 
	C499.179626,314.631287 499.900055,320.442200 504.911041,324.659332 
	C509.427399,328.460144 514.914917,328.620270 519.451172,325.083710 
	C524.668396,321.016235 525.567505,315.935669 521.790527,308.763153 
z"/>
</svg>